-10 -8.48277 -6.97231 -5.5161 -4.011 -2.50005 -0.989522 0.467076 1.97171 3.4827 5
-10 -8.4845 -6.97507 -5.51449 -4.0099 -2.50004 -0.99057 0.470368 1.97454 3.48443 5
-10 -8.48622 -6.97784 -5.51288 -4.0088 -2.50004 -0.991617 0.473661 1.97737 3.48616 5
-10 -8.48794 -6.98061 -5.51127 -4.0077 -2.50003 -0.992665 0.476953 1.9802 3.48789 5
-10 -8.48966 -6.98338 -5.50966 -4.0066 -2.50003 -0.993713 0.480246 1.98303 3.48962 5
-10 -8.49139 -6.98615 -5.50805 -4.0055 -2.50002 -0.994761 0.483538 1.98586 3.49135 5
-10 -8.49311 -6.98892 -5.50644 -4.0044 -2.50002 -0.995809 0.48683 1.98869 3.49308 5
-10 -8.49483 -6.99169 -5.50483 -4.0033 -2.50001 -0.996857 0.490123 1.99151 3.49481 5
-10 -8.49655 -6.99446 -5.50322 -4.0022 -2.50001 -0.997904 0.493415 1.99434 3.49654 5
-10 -8.49828 -6.99723 -5.50161 -4.0011 -2.5 -0.998952 0.496708 1.99717 3.49827 5
-10 -8.5 -7 -5.5 -4 -2.5 -1 0.5 2 3.5 5
