0 4.82603e-05 0.000847654 0.0137901 0.160408 0.4436 0.496209 0.499769 0.499722 0.495436 0.433517 0.140702 0.0114878 0.000704479 4.18877e-05 2.21146e-06 0
0.1875 0.187545 0.188295 0.200428 0.337883 0.603375 0.652696 0.656033 0.655989 0.651971 0.593922 0.319408 0.19827 0.18816 0.187539 0.187502 0.1875
0.375 0.375042 0.375742 0.387066 0.515357 0.76315 0.809183 0.812298 0.812257 0.808506 0.754327 0.498114 0.385052 0.375616 0.375037 0.375002 0.375
0.5625 0.562539 0.563189 0.573704 0.692832 0.922925 0.96567 0.968562 0.968524 0.965042 0.914732 0.67682 0.571834 0.563072 0.562534 0.562502 0.5625
0.75 0.750036 0.750636 0.760343 0.870306 1.0827 1.12216 1.12483 1.12479 1.12158 1.07514 0.855526 0.758616 0.750528 0.750031 0.750002 0.75
0.9375 0.937533 0.938083 0.946981 1.04778 1.24248 1.27864 1.28109 1.28106 1.27811 1.23554 1.03423 0.945398 0.937984 0.937529 0.937502 0.9375
1.125 1.12503 1.12553 1.13362 1.22526 1.40225 1.43513 1.43736 1.43733 1.43465 1.39595 1.21294 1.13218 1.12544 1.12503 1.125 1.125
1.3125 1.31253 1.31298 1.32026 1.40273 1.56203 1.59162 1.59362 1.59359 1.59118 1.55635 1.39164 1.31896 1.3129 1.31252 1.3125 1.3125
1.5 1.50002 1.50042 1.5069 1.5802 1.7218 1.7481 1.74988 1.74986 1.74772 1.71676 1.57035 1.50574 1.50035 1.50002 1.5 1.5
1.6875 1.68752 1.68787 1.69353 1.75768 1.88158 1.90459 1.90615 1.90613 1.90425 1.87716 1.74906 1.69253 1.68781 1.68752 1.6875 1.6875
1.875 1.87502 1.87532 1.88017 1.93515 2.04135 2.06108 2.06241 2.0624 2.06079 2.03757 1.92776 1.87931 1.87526 1.87502 1.875 1.875
2.0625 2.06252 2.06276 2.06681 2.11263 2.20113 2.21757 2.21868 2.21866 2.21732 2.19797 2.10647 2.06609 2.06272 2.06251 2.0625 2.0625
2.25 2.25001 2.25021 2.25345 2.2901 2.3609 2.37405 2.37494 2.37493 2.37386 2.35838 2.28518 2.25287 2.25018 2.25001 2.25 2.25
2.4375 2.43751 2.43766 2.44009 2.46758 2.52068 2.53054 2.53121 2.5312 2.53039 2.51878 2.46388 2.43965 2.43763 2.43751 2.4375 2.4375
2.625 2.62501 2.62511 2.62672 2.64505 2.68045 2.68703 2.68747 2.68747 2.68693 2.67919 2.64259 2.62644 2.62509 2.62501 2.625 2.625
2.8125 2.8125 2.81255 2.81336 2.82253 2.84023 2.84351 2.84374 2.84373 2.84346 2.83959 2.82129 2.81322 2.81254 2.8125 2.8125 2.8125
3 3 3 3 3 3 3 3 3 3 3 3 3 3 3 3 3
